0.1 0.11 0 -0.004
0.11 0.12 0.0240964 0.804
0.12 0.13 0.333333 0.688
0.13 0.14 0.16 0.696
0.14 0.15 0.0518732 0.796
0.15 0.16 0.047619 0.672
0.16 0.17 0.125 0.696
0.17 0.18 0.0888889 0.66
0.18 0.19 0.153846 0.668
0.19 0.2 0.150943 0.648
0.2 0.21 0.161616 0.672
0.21 0.22 0.25 0.648
0.22 0.23 0.358974 0.636
0.23 0.24 0.421053 0.656
0.24 0.25 0.392857 0.656
0.25 0.26 0.368421 0.648
0.26 0.27 0.48 0.636
0.27 0.28 0.32 0.664
0.28 0.29 0.408163 0.664
0.29 0.3 0.358209 0.66
0.3 0.31 0.30303 0.648
0.31 0.32 0.408163 0.648
0.32 0.33 0.315789 0.66
0.33 0.34 0.526316 0.656
0.34 0.35 0.428571 0.66
0.35 0.36 0.5 0.652
0.36 0.37 0.529412 0.648
0.37 0.38 0.518519 0.66
0.38 0.39 0.407407 0.66
0.39 0.4 0.613333 0.66
0.4 0.41 0.509804 0.656
0.41 0.42 0.625 0.656
0.42 0.43 0.642857 0.652
0.43 0.44 0.565217 0.648
0.44 0.45 0.441558 0.664
0.45 0.46 0.641509 0.652
0.46 0.47 0.615385 0.66
0.47 0.48 0.57971 0.652
0.48 0.49 0.635294 0.66
0.49 0.5 0.693333 0.668
0.5 0.51 0.772727 0.668
0.51 0.52 0.790698 0.668
0.52 0.53 0.774194 0.668
0.53 0.54 0.805556 0.664
0.54 0.55 0.857143 0.664
0.55 0.56 0.847826 0.668
0.56 0.57 0.875 0.664
0.57 0.58 0.882353 0.664
0.58 0.59 0.850575 0.664
0.59 0.6 0.82 0.672
0.6 0.61 0.803571 0.672
0.61 0.62 0.765957 0.66
0.62 0.63 0.752 0.66
0.63 0.64 0.627119 0.66
0.64 0.65 0.658228 0.66
0.65 0.66 0.666667 0.656
0.66 0.67 0.702703 0.656
0.67 0.68 0.725806 0.652
0.68 0.69 0.730435 0.652
0.69 0.7 0.689266 0.664
0.7 0.71 0.816568 0.664
0.71 0.72 0.855814 0.668
0.72 0.73 0.935484 0.664
0.73 0.74 0.905405 0.66
0.74 0.75 0.951872 0.676
0.75 0.76 0.977273 0.676
0.76 0.77 0.960699 0.68
0.77 0.78 0.967136 0.684
0.78 0.79 0.985075 0.684
0.79 0.8 0.9869 0.692
0.8 0.81 0.991803 0.704
0.81 0.82 0.992481 0.684
0.82 0.83 0.992701 0.692
0.83 0.84 0.996198 0.672
0.84 0.85 0.996656 0.676
0.85 0.86 1 0.676
0.86 0.87 1 0.684
0.87 0.88 0.996904 0.68
0.88 0.89 0.997183 0.684
0.89 0.9 0.997429 0.688
0.9 0.91 1 0.68
0.91 0.92 1 0.68
0.92 0.93 1 0.688
0.93 0.94 1 0.676
0.94 0.95 1 0.68
0.95 0.96 1 0.68
0.96 0.97 1 0.676
0.97 0.98 1 0.68
0.98 0.99 0.998198 0.688
0.99 1 1 0.68
1 1.01 1 0.676
1.01 1.02 0.998501 0.68
1.02 1.03 1 0.68
1.03 1.04 1 0.672
1.04 1.05 1 0.68
1.05 1.06 1 0.672
1.06 1.07 1 0.68
1.07 1.08 1 0.68
1.08 1.09 0.998527 0.68
1.09 1.1 1 0.68
1.1 1.11 1 0.672
1.11 1.12 1 0.676
1.12 1.13 1 0.668
1.13 1.14 1 0.672
1.14 1.15 0.997429 0.664
1.15 1.16 0.997015 0.668
1.16 1.17 1 0.664
1.17 1.18 1 0.668
1.18 1.19 1 0.664
1.19 1.2 1 0.664
1.2 1.21 0.994012 0.676
1.21 1.22 0.992366 0.668
1.22 1.23 1 0.668
1.23 1.24 1 0.664
1.24 1.25 1 0.66
1.25 1.26 1 0.66
1.26 1.27 1 0.656
1.27 1.28 1 0.668
1.28 1.29 1 0.668
1.29 1.3 1 0.66
1.3 1.31 1 0.652
1.31 1.32 1 0.652
1.32 1.33 1 0.648
1.33 1.34 1 0.648
1.34 1.35 1 0.656
1.35 1.36 1 0.652
1.36 1.37 1 0.648
1.37 1.38 1 0.636
1.38 1.39 0 -0.004
1.39 1.4 0 -0.004
1.4 1.41 1 0.624
1.41 1.42 0 -0.004
1.42 1.43 0 -0.004
1.43 1.44 0 -0.004
1.44 1.45 1 0.36
1.45 1.46 0 -0.004
1.46 1.47 0 -0.004
1.47 1.48 0 -0.004
1.48 1.49 0 -0.004
1.49 1.5 0 -0.004
1.5 1.51 0 -0.004
1.51 1.52 0 -0.004
1.52 1.53 0 -0.004
1.53 1.54 1 0.668
1.54 1.55 0 -0.004
1.55 1.56 0 -0.004
1.56 1.57 0 -0.004
1.57 1.58 0 -0.004
1.58 1.59 0 -0.004
1.59 1.6 0 -0.004
1.6 1.61 1 0.648
1.61 1.62 0 -0.004
1.62 1.63 0 -0.004
1.63 1.64 0 -0.004
1.64 1.65 0 -0.004
1.65 1.66 1 0.468
1.66 1.67 1 0.628
1.67 1.68 0 -0.004
1.68 1.69 0 -0.004
1.69 1.7 0 -0.004
1.7 1.71 0 -0.004
1.71 1.72 0 -0.004
1.72 1.73 0 -0.004
1.73 1.74 0 -0.004
1.74 1.75 0 -0.004
1.75 1.76 0 -0.004
1.76 1.77 0 -0.004
1.77 1.78 0 -0.004
1.78 1.79 0 -0.004
1.79 1.8 0 -0.004
1.8 1.81 0 -0.004
1.81 1.82 0 -0.004
1.82 1.83 0 -0.004
1.83 1.84 0 -0.004
1.84 1.85 0 -0.004
1.85 1.86 0 -0.004
1.86 1.87 0 -0.004
1.87 1.88 0 -0.004
1.88 1.89 0 -0.004
1.89 1.9 0.5 0.636
1.9 1.91 0.5 0.636
1.91 1.92 0.5 0.636
1.92 1.93 0.5 0.636
1.93 1.94 0.5 0.636
1.94 1.95 0.5 0.636
1.95 1.96 0.5 0.636
1.96 1.97 0.5 0.636
1.97 1.98 0.5 0.636
1.98 1.99 0.5 0.636
1.99 2 0.5 0.636
